1225952233 1079733049 65535 1521 6 5
4050935426 1079733001 0 1521 6 3
2327357940 1079732992 65535 4646 6 2
4148929694 1079733001 65535 1433 6 4
445243527 1079733026 65535 1708 6 6
445243527 1079733026 0 1708 6 6
4225952233 1079733047 0 1521 6 8
4225952233 1079733049 0 1521 6 9
4050935426 1079733001 0 1521 6 3
2327357940 1079732992 0 4646 6 2
4225952233 1079733027 65535 5632 6 7
4148929694 1079733001 65535 1433 6 4
4225952233 1079733049 65535 1521 6 9
2348810239 1079733247 0 65535 0 11
2348810239 1079732736 65535 0 255 11
2281701376 1079732736 65535 65535 255 11
